# id_1        parent_1    base_SdssCentroid_x_1 base_SdssCentroid_y_1 base_PsfFlux_flux_1   id_2        parent_2    base_SdssCentroid_x_2 base_SdssCentroid_y_2 base_PsfFlux_flux_2   Separation          
  67108864763 67108864297 1279.2038598772106    1561.4676656025072    1.1865962990156445    67108864763 67108864297 1279.2045449012103    1561.4619531088138    1.1813248478300626    0.005753420033113351
  67108864764 67108864297 1283.8008297528777    1562.6741511597302    0.5652288400599673    67108864764 67108864297 1283.7182300951383    1562.5989768208196    0.5320858926698608    0.11168654659042558 
  67108864765 67108864297 1297.871678904343     1569.5955511099507    0.1513833132371562    67108864765 67108864297 1297.8889196190364    1569.557633430147     0.09025920482084442   0.041653243389156124
  67108864766 67108864297 1294.5575590618087    1577.8766120515454    0.057133254976722586  67108864766 67108864297 1294.5387149853586    1577.8877861924407    0.03956588001639845   0.02190800406247714 
  67108864767 67108864297 1297.8152828953157    1559.1043034270015    0.035486389309248606  67108864767 67108864297 1297.8421706141435    1559.1130218762696    0.03018381046517597   0.028265894314565596
  67108864768 67108864297 1267.0397919578731    1544.9901047207356    0.04785149695701544   67108864768 67108864297 1267.0418353868786    1544.9881350673195    0.043244101343838236  0.002838157268366378
  67108864769 67108864297 1289.9686040080755    1567.9478020340064    0.021089913979465576  67108864769 67108864297 1289.9485543201158    1567.9527985201253    0.01598533766192823   0.020662886071862122
  67108864770 67108864297 1280.0                1541.0                0.009445381612096944  67108864770 67108864297 1280.0                1541.0                0.006052253699914194  0.0                 
  67108864772 67108864297 1277.0                1576.0                0.014648061846260904  67108864772 67108864297 1277.0                1576.0                0.012716293759129459  0.0                 
  67108864773 67108864297 1279.8711542540889    1571.0969201589164    0.004615831988082203  67108864773 67108864297 1280.0                1571.0                0.0037732993184603878 0.1612288542531302  
  67108864774 67108864297 1267.8776079641702    1551.9527531088308    0.01758605772462914   67108864774 67108864297 1267.8744358474432    1551.9723923296806    0.014123920928937772  0.019893750780448125
  67108864775 67108864297 1288.0                1578.0                0.015422416291457457  67108864775 67108864297 1288.0                1578.0                0.009036778640199203  0.0                 
  67108864776 67108864297 1262.0                1545.0                0.009225678187869155  67108864776 67108864297 1262.0                1545.0                0.0077602275009902    0.0                 
  67108864777 67108864297 1283.859168009395     1573.0117892216967    0.004138635573213233  67108864777 67108864297 1283.7442174146684    1573.0410255828056    0.0030289204579809427 0.11861030325777859 
  67108864778 67108864297 1284.0                1546.0                0.0010816965080242646 67108864778 67108864297 1284.0                1546.0                5.644887069974973E-4  0.0                 
  67108864779 67108864297 1284.0807145323565    1549.7167788384806    0.00383877651740186   67108864779 67108864297 1284.084415979856     1549.6900218496733    0.0036099092817058437 0.027011796749385465
  67108864780 67108864297 1287.0                1549.0                0.01844470282009678   67108864780 67108864297 1287.0                1549.0                0.01575270642823986   0.0                 
  67108864781 67108864297 1283.1751563950306    1581.8012631025656    0.006648999675912557  67108864781 67108864297 1283.1857829460573    1582.0302992241957    0.004875938454895494  0.2292825082688937  
  67108864782 67108864297 1280.0                1574.0                0.014150375157247335  67108864782 67108864297 1280.0                1574.0                0.011498897419398506  0.0                 
  ""          ""          ""                    ""                    ""                    67108864771 67108864297 1280.0                1553.0                0.028045438764409424  ""                  
  ""          ""          ""                    ""                    ""                    67108864783 67108864297 1280.0                1546.0                0.001964878119303159  ""                  
  ""          ""          ""                    ""                    ""                    67108864784 67108864297 1267.9728017413108    1559.9557646552728    0.005674925864820385  ""                  
  ""          ""          ""                    ""                    ""                    67108864785 67108864297 1293.0                1568.0                0.012969642058158308  ""                  
  ""          ""          ""                    ""                    ""                    67108864786 67108864297 1277.0                1549.0                0.012358491198801046  ""                  
  ""          ""          ""                    ""                    ""                    67108864787 67108864297 1283.5135080252858    1537.6800875915146    0.016324177707906527  ""                  
  ""          ""          ""                    ""                    ""                    67108864788 67108864297 1287.0                1574.0                0.013571875238118857  ""                  
  ""          ""          ""                    ""                    ""                    67108864789 67108864297 1271.741616385579     1570.0133554716608    0.0059499181162804395 ""                  
  ""          ""          ""                    ""                    ""                    67108864790 67108864297 1267.0                1564.0                0.0047990302026814724 ""                  
  ""          ""          ""                    ""                    ""                    67108864791 67108864297 1273.0                1575.0                0.002911295518253704  ""                  
  ""          ""          ""                    ""                    ""                    67108864792 67108864297 1267.0                1556.0                0.002817712428660227  ""                  
  ""          ""          ""                    ""                    ""                    67108864793 67108864297 1302.0                1563.0                0.007365756423309714  ""                  
  ""          ""          ""                    ""                    ""                    67108864794 67108864297 1293.2194836195388    1550.9668817593897    0.006575113763816779  ""                  
  ""          ""          ""                    ""                    ""                    67108864795 67108864297 1287.0                1583.0                0.004207426023287302  ""                  
  ""          ""          ""                    ""                    ""                    67108864796 67108864297 1272.4416530091712    1549.854741673037     0.002788969128385842  ""                  
  ""          ""          ""                    ""                    ""                    67108864797 67108864297 1290.9755061264564    1543.756518777593     0.012807068140196038  ""                  
  ""          ""          ""                    ""                    ""                    67108864798 67108864297 1270.0                1548.0                0.0034939306548535834 ""                  
